 a  = 

   1.


--> function func = f(x)
  > func = x^3 + x^2
  > endfunction

--> x = [1:0.1:5];

--> for i = 1:length(x)
  > y(i) = f(x(i))
  > end
 y  = 

   2.

 y  = 

   2.
   2.541

 y  = 

   2.
   2.541
   3.168

 y  = 

   2.
   2.541
   3.168
   3.887

 y  = 

   2.
   2.541
   3.168
   3.887
   4.704

 y  = 

   2.
   2.541
   3.168
   3.887
   4.704
   5.625

 y  = 

   2.
   2.541
   3.168
   3.887
   4.704
   5.625
   6.656

 y  = 

   2.
   2.541
   3.168
   3.887
   4.704
   5.625
   6.656
   7.803

 y  = 

   2.
   2.541
   3.168
   3.887
   4.704
   5.625
   6.656
   7.803
   9.072

 y  = 

   2.
   2.541
   3.168
   3.887
   4.704
   5.625
   6.656
   7.803
   9.072
   10.469

 y  = 

   2.
   2.541
   3.168
   3.887
   4.704
   5.625
   6.656
   7.803
   9.072
   10.469
   12.

 y  = 

   2.
   2.541
   3.168
   3.887
   4.704
   5.625
   6.656
   7.803
   9.072
   10.469
   12.
   13.671

 y  = 

   2.
   2.541
   3.168
   3.887
   4.704
   5.625
   6.656
   7.803
   9.072
   10.469
   12.
   13.671
   15.488

 y  = 

   2.
   2.541
   3.168
   3.887
   4.704
   5.625
   6.656
   7.803
   9.072
   10.469
   12.
   13.671
   15.488
   17.457

 y  = 

   2.
   2.541
   3.168
   3.887
   4.704
   5.625
   6.656
   7.803
   9.072
   10.469
   12.
   13.671
   15.488
   17.457
   19.584

 y  = 

   2.
   2.541
   3.168
   3.887
   4.704
   5.625
   6.656
   7.803
   9.072
   10.469
   12.
   13.671
   15.488
   17.457
   19.584
   21.875

 y  = 

   2.
   2.541
   3.168
   3.887
   4.704
   5.625
   6.656
   7.803
   9.072
   10.469
   12.
   13.671
   15.488
   17.457
   19.584
   21.875
   24.336

 y  = 

   2.
   2.541
   3.168
   3.887
   4.704
   5.625
   6.656
   7.803
   9.072
   10.469
   12.
   13.671
   15.488
   17.457
   19.584
   21.875
   24.336
   26.973

 y  = 

   2.
   2.541
   3.168
   3.887
   4.704
   5.625
   6.656
   7.803
   9.072
   10.469
   12.
   13.671
   15.488
   17.457
   19.584
   21.875
   24.336
   26.973
   29.792

 y  = 

   2.
   2.541
   3.168
   3.887
   4.704
   5.625
   6.656
   7.803
   9.072
   10.469
   12.
   13.671
   15.488
   17.457
   19.584
   21.875
   24.336
   26.973
   29.792
   32.799

 y  = 

   2.
   2.541
   3.168
   3.887
   4.704
   5.625
   6.656
   7.803
   9.072
   10.469
   12.
   13.671
   15.488
   17.457
   19.584
   21.875
   24.336
   26.973
   29.792
   32.799
   36.

 y  = 

   2.
   2.541
   3.168
   3.887
   4.704
   5.625
   6.656
   7.803
   9.072
   10.469
   12.
   13.671
   15.488
   17.457
   19.584
   21.875
   24.336
   26.973
   29.792
   32.799
   36.
   39.401

 y  = 

   2.
   2.541
   3.168
   3.887
   4.704
   5.625
   6.656
   7.803
   9.072
   10.469
   12.
   13.671
   15.488
   17.457
   19.584
   21.875
   24.336
   26.973
   29.792
   32.799
   36.
   39.401
   43.008

 y  = 

   2.
   2.541
   3.168
   3.887
   4.704
   5.625
   6.656
   7.803
   9.072
   10.469
   12.
   13.671
   15.488
   17.457
   19.584
   21.875
   24.336
   26.973
   29.792
   32.799
   36.
   39.401
   43.008
   46.827

 y  = 

   2.
   2.541
   3.168
   3.887
   4.704
   5.625
   6.656
   7.803
   9.072
   10.469
   12.
   13.671
   15.488
   17.457
   19.584
   21.875
   24.336
   26.973
   29.792
   32.799
   36.
   39.401
   43.008
   46.827
   50.864

 y  = 

   2.
   2.541
   3.168
   3.887
   4.704
   5.625
   6.656
   7.803
   9.072
   10.469
   12.
   13.671
   15.488
   17.457
   19.584
   21.875
   24.336
   26.973
   29.792
   32.799
   36.
   39.401
   43.008
   46.827
   50.864
   55.125

 y  = 

   2.
   2.541
   3.168
   3.887
   4.704
   5.625
   6.656
   7.803
   9.072
   10.469
   12.
   13.671
   15.488
   17.457
   19.584
   21.875
   24.336
   26.973
   29.792
   32.799
   36.
   39.401
   43.008
   46.827
   50.864
   55.125
   59.616

 y  = 

   2.
   2.541
   3.168
   3.887
   4.704
   5.625
   6.656
   7.803
   9.072
   10.469
   12.
   13.671
   15.488
   17.457
   19.584
   21.875
   24.336
   26.973
   29.792
   32.799
   36.
   39.401
   43.008
   46.827
   50.864
   55.125
   59.616
   64.343

 y  = 

   2.
   2.541
   3.168
   3.887
   4.704
   5.625
   6.656
   7.803
   9.072
   10.469
   12.
   13.671
   15.488
   17.457
   19.584
   21.875
   24.336
   26.973
   29.792
   32.799
   36.
   39.401
   43.008
   46.827
   50.864
   55.125
   59.616
   64.343
   69.312

 y  = 

   2.
   2.541
   3.168
   3.887
   4.704
   5.625
   6.656
   7.803
   9.072
   10.469
   12.
   13.671
   15.488
   17.457
   19.584
   21.875
   24.336
   26.973
   29.792
   32.799
   36.
   39.401
   43.008
   46.827
   50.864
   55.125
   59.616
   64.343
   69.312
   74.529

 y  = 

   2.
   2.541
   3.168
   3.887
   4.704
   5.625
   6.656
   7.803
   9.072
   10.469
   12.
   13.671
   15.488
   17.457
   19.584
   21.875
   24.336
   26.973
   29.792
   32.799
   36.
   39.401
   43.008
   46.827
   50.864
   55.125
   59.616
   64.343
   69.312
   74.529
   80.

 y  = 

   2.
   2.541
   3.168
   3.887
   4.704
   5.625
   6.656
   7.803
   9.072
   10.469
   12.
   13.671
   15.488
   17.457
   19.584
   21.875
   24.336
   26.973
   29.792
   32.799
   36.
   39.401
   43.008
   46.827
   50.864
   55.125
   59.616
   64.343
   69.312
   74.529
   80.
   85.731

 y  = 

   2.
   2.541
   3.168
   3.887
   4.704
   5.625
   6.656
   7.803
   9.072
   10.469
   12.
   13.671
   15.488
   17.457
   19.584
   21.875
   24.336
   26.973
   29.792
   32.799
   36.
   39.401
   43.008
   46.827
   50.864
   55.125
   59.616
   64.343
   69.312
   74.529
   80.
   85.731
   91.728

 y  = 

   2.
   2.541
   3.168
   3.887
   4.704
   5.625
   6.656
   7.803
   9.072
   10.469
   12.
   13.671
   15.488
   17.457
   19.584
   21.875
   24.336
   26.973
   29.792
   32.799
   36.
   39.401
   43.008
   46.827
   50.864
   55.125
   59.616
   64.343
   69.312
   74.529
   80.
   85.731
   91.728
   97.997

 y  = 

   2.
   2.541
   3.168
   3.887
   4.704
   5.625
   6.656
   7.803
   9.072
   10.469
   12.
   13.671
   15.488
   17.457
   19.584
   21.875
   24.336
   26.973
   29.792
   32.799
   36.
   39.401
   43.008
   46.827
   50.864
   55.125
   59.616
   64.343
   69.312
   74.529
   80.
   85.731
   91.728
   97.997
   104.544

 y  = 

   2.
   2.541
   3.168
   3.887
   4.704
   5.625
   6.656
   7.803
   9.072
   10.469
   12.
   13.671
   15.488
   17.457
   19.584
   21.875
   24.336
   26.973
   29.792
   32.799
   36.
   39.401
   43.008
   46.827
   50.864
   55.125
   59.616
   64.343
   69.312
   74.529
   80.
   85.731
   91.728
   97.997
   104.544
   111.375

 y  = 

   2.
   2.541
   3.168
   3.887
   4.704
   5.625
   6.656
   7.803
   9.072
   10.469
   12.
   13.671
   15.488
   17.457
   19.584
   21.875
   24.336
   26.973
   29.792
   32.799
   36.
   39.401
   43.008
   46.827
   50.864
   55.125
   59.616
   64.343
   69.312
   74.529
   80.
   85.731
   91.728
   97.997
   104.544
   111.375
   118.496

 y  = 

   2.
   2.541
   3.168
   3.887
   4.704
   5.625
   6.656
   7.803
   9.072
   10.469
   12.
   13.671
   15.488
   17.457
   19.584
   21.875
   24.336
   26.973
   29.792
   32.799
   36.
   39.401
   43.008
   46.827
   50.864
   55.125
   59.616
   64.343
   69.312
   74.529
   80.
   85.731
   91.728
   97.997
   104.544
   111.375
   118.496
   125.913

 y  = 

   2.
   2.541
   3.168
   3.887
   4.704
   5.625
   6.656
   7.803
   9.072
   10.469
   12.
   13.671
   15.488
   17.457
   19.584
   21.875
   24.336
   26.973
   29.792
   32.799
   36.
   39.401
   43.008
   46.827
   50.864
   55.125
   59.616
   64.343
   69.312
   74.529
   80.
   85.731
   91.728
   97.997
   104.544
   111.375
   118.496
   125.913
   133.632

 y  = 

   2.
   2.541
   3.168
   3.887
   4.704
   5.625
   6.656
   7.803
   9.072
   10.469
   12.
   13.671
   15.488
   17.457
   19.584
   21.875
   24.336
   26.973
   29.792
   32.799
   36.
   39.401
   43.008
   46.827
   50.864
   55.125
   59.616
   64.343
   69.312
   74.529
   80.
   85.731
   91.728
   97.997
   104.544
   111.375
   118.496
   125.913
   133.632
   141.659

 y  = 

   2.
   2.541
   3.168
   3.887
   4.704
   5.625
   6.656
   7.803
   9.072
   10.469
   12.
   13.671
   15.488
   17.457
   19.584
   21.875
   24.336
   26.973
   29.792
   32.799
   36.
   39.401
   43.008
   46.827
   50.864
   55.125
   59.616
   64.343
   69.312
   74.529
   80.
   85.731
   91.728
   97.997
   104.544
   111.375
   118.496
   125.913
   133.632
   141.659
   150.


--> plot(x
plot(x
     ^^
Error: syntax error, unexpected end of file, expecting "," or )

--> plot(x', y)

--> title("Simple Plot" , 'fontsize', 6)

--> xlabel('x-coordinate','fontsize',2)

--> ylabel('y-coordinate','fontsize',2)

--> disp([x', y])

   1.    2.     
   1.1   2.541  
   1.2   3.168  
   1.3   3.887  
   1.4   4.704  
   1.5   5.625  
   1.6   6.656  
   1.7   7.803  
   1.8   9.072  
   1.9   10.469 
   2.    12.    
   2.1   13.671 
   2.2   15.488 
   2.3   17.457 
   2.4   19.584 
   2.5   21.875 
   2.6   24.336 
   2.7   26.973 
   2.8   29.792 
   2.9   32.799 
   3.    36.    
   3.1   39.401 
   3.2   43.008 
   3.3   46.827 
   3.4   50.864 
   3.5   55.125 
   3.6   59.616 
   3.7   64.343 
   3.8   69.312 
   3.9   74.529 
   4.    80.    
   4.1   85.731 
   4.2   91.728 
   4.3   97.997 
   4.4   104.544
   4.5   111.375
   4.6   118.496
   4.7   125.913
   4.8   133.632
   4.9   141.659
   5.    150.   


--> close(0)

--> clc

